1718213344301 0.0007872137357480824 0
1718213692852 0.00023622717708349228 1
1718214041063 0.00023898272775113583 2
1718214387552 0.0005111204227432609 3
1718214731090 0.00020126327581238002 4
1718215074473 0.00019515978056006134 5
1718215417470 0.0002093923685606569 6
1718215759822 0.00019748779595829546 7
1718216102120 0.00019316922407597303 8
1718216443900 0.000193574363947846 9
1718216784951 0.00019494809384923428 10
1718217127822 0.00024969869991764426 11
1718217471698 0.00022505603556055576 12
1718217815140 0.00019310480274725705 13
1718218158129 0.00019105756655335426 14
1718218501712 0.00019147679267916828 15
1718218845258 0.000209993333555758 16
1718219187539 0.00033871663617901504 17
1718219529407 0.00022178977087605745 18
1718219870640 0.0002062403946183622 19
1718220212757 0.00020289696112740785 20
1718220555458 0.00019734713714569807 21
1718220897665 0.00019491410057526082 22
1718221239649 0.0001921713846968487 23
1718221582105 0.00019238096137996763 24
1718221927744 0.00018684047972783446 25
1718222271545 0.00018355548672843724 26
1718222614182 0.00018198152247350663 27
1718222956684 0.0004323569010011852 28
1718223298222 0.0001943906827364117 29
1718223637673 0.00018662404909264296 30
1718223980198 0.00018687135889194906 31
1718224322980 0.00018596576410345733 32
1718224665650 0.00018488438217900693 33
1718225008111 0.0005442201509140432 34
1718225350593 0.00019617905491031706 35
1718225693252 0.00019107326806988567 36
1718226036466 0.00019687128951773047 37
1718226378419 0.0001894151500891894 38
1718226719433 0.00019145736587233841 39
